0 1 32 31
0 1 32 31
0 1 32 31
0 1 32 31
31 32 63 62
31 32 63 62
31 32 63 62
31 32 63 62
62 63 94 93
62 63 94 93
62 63 94 93
62 63 94 93
93 94 125 124
93 94 125 124
93 94 125 124
93 94 125 124
124 125 156 155
124 125 156 155
124 125 156 155
124 125 156 155
155 156 187 186
155 156 187 186
155 156 187 186
155 156 187 186
186 187 218 217
186 187 218 217
186 187 218 217
186 187 218 217
217 218 249 248
217 218 249 248
217 218 249 248
217 218 249 248
248 249 280 279
248 249 280 279
248 249 280 279
248 249 280 279
279 280 311 310
279 280 311 310
279 280 311 310
279 280 311 310
310 311 342 341
310 311 342 341
310 311 342 341
310 311 342 341
341 342 373 372
341 342 373 372
341 342 373 372
341 342 373 372
372 373 404 403
372 373 404 403
372 373 404 403
372 373 404 403
403 404 435 434
403 404 435 434
403 404 435 434
403 404 435 434
434 435 466 465
434 435 466 465
434 435 466 465
434 435 466 465
465 466 497 496
465 466 497 496
465 466 497 496
465 466 497 496
496 497 528 527
496 497 528 527
496 497 528 527
496 497 528 527
527 528 559 558
527 528 559 558
527 528 559 558
527 528 559 558
558 559 590 589
558 559 590 589
558 559 590 589
558 559 590 589
589 590 621 620
589 590 621 620
589 590 621 620
589 590 621 620
1 2 33 32
1 2 33 32
1 2 33 32
1 2 33 32
32 33 64 63
32 33 64 63
32 33 64 63
32 33 64 63
63 64 95 94
63 64 95 94
63 64 95 94
63 64 95 94
94 95 126 125
94 95 126 125
94 95 126 125
94 95 126 125
125 126 157 156
125 126 157 156
125 126 157 156
125 126 157 156
156 157 188 187
156 157 188 187
156 157 188 187
156 157 188 187
187 188 219 218
187 188 219 218
187 188 219 218
187 188 219 218
218 219 250 249
218 219 250 249
218 219 250 249
218 219 250 249
249 250 281 280
249 250 281 280
249 250 281 280
249 250 281 280
280 281 312 311
280 281 312 311
280 281 312 311
280 281 312 311
311 312 343 342
311 312 343 342
311 312 343 342
311 312 343 342
342 343 374 373
342 343 374 373
342 343 374 373
342 343 374 373
373 374 405 404
373 374 405 404
373 374 405 404
373 374 405 404
404 405 436 435
404 405 436 435
404 405 436 435
404 405 436 435
435 436 467 466
435 436 467 466
435 436 467 466
435 436 467 466
466 467 498 497
466 467 498 497
466 467 498 497
466 467 498 497
497 498 529 528
497 498 529 528
497 498 529 528
497 498 529 528
528 529 560 559
528 529 560 559
528 529 560 559
528 529 560 559
559 560 591 590
559 560 591 590
559 560 591 590
559 560 591 590
590 591 622 621
590 591 622 621
590 591 622 621
590 591 622 621
2 3 34 33
2 3 34 33
2 3 34 33
2 3 34 33
33 34 65 64
33 34 65 64
33 34 65 64
33 34 65 64
64 65 96 95
64 65 96 95
64 65 96 95
64 65 96 95
95 96 127 126
95 96 127 126
95 96 127 126
95 96 127 126
126 127 158 157
126 127 158 157
126 127 158 157
126 127 158 157
157 158 189 188
157 158 189 188
157 158 189 188
157 158 189 188
188 189 220 219
188 189 220 219
188 189 220 219
188 189 220 219
219 220 251 250
219 220 251 250
219 220 251 250
219 220 251 250
250 251 282 281
250 251 282 281
250 251 282 281
250 251 282 281
281 282 313 312
281 282 313 312
281 282 313 312
281 282 313 312
312 313 344 343
312 313 344 343
312 313 344 343
312 313 344 343
343 344 375 374
343 344 375 374
343 344 375 374
343 344 375 374
374 375 406 405
374 375 406 405
374 375 406 405
374 375 406 405
405 406 437 436
405 406 437 436
405 406 437 436
405 406 437 436
436 437 468 467
436 437 468 467
436 437 468 467
436 437 468 467
467 468 499 498
467 468 499 498
467 468 499 498
467 468 499 498
498 499 530 529
498 499 530 529
498 499 530 529
498 499 530 529
529 530 561 560
529 530 561 560
529 530 561 560
529 530 561 560
560 561 592 591
560 561 592 591
560 561 592 591
560 561 592 591
591 592 623 622
591 592 623 622
591 592 623 622
591 592 623 622
3 4 35 34
3 4 35 34
3 4 35 34
3 4 35 34
34 35 66 65
34 35 66 65
34 35 66 65
34 35 66 65
65 66 97 96
65 66 97 96
65 66 97 96
65 66 97 96
96 97 128 127
96 97 128 127
96 97 128 127
96 97 128 127
127 128 159 158
127 128 159 158
127 128 159 158
127 128 159 158
158 159 190 189
158 159 190 189
158 159 190 189
158 159 190 189
189 190 221 220
189 190 221 220
189 190 221 220
189 190 221 220
220 221 252 251
220 221 252 251
220 221 252 251
220 221 252 251
251 252 283 282
251 252 283 282
251 252 283 282
251 252 283 282
282 283 314 313
282 283 314 313
282 283 314 313
282 283 314 313
313 314 345 344
313 314 345 344
313 314 345 344
313 314 345 344
344 345 376 375
344 345 376 375
344 345 376 375
344 345 376 375
375 376 407 406
375 376 407 406
375 376 407 406
375 376 407 406
406 407 438 437
406 407 438 437
406 407 438 437
406 407 438 437
437 438 469 468
437 438 469 468
437 438 469 468
437 438 469 468
468 469 500 499
468 469 500 499
468 469 500 499
468 469 500 499
499 500 531 530
499 500 531 530
499 500 531 530
499 500 531 530
530 531 562 561
530 531 562 561
530 531 562 561
530 531 562 561
561 562 593 592
561 562 593 592
561 562 593 592
561 562 593 592
592 593 624 623
592 593 624 623
592 593 624 623
592 593 624 623
4 5 36 35
4 5 36 35
4 5 36 35
4 5 36 35
35 36 67 66
35 36 67 66
35 36 67 66
35 36 67 66
66 67 98 97
66 67 98 97
66 67 98 97
66 67 98 97
97 98 129 128
97 98 129 128
97 98 129 128
97 98 129 128
128 129 160 159
128 129 160 159
128 129 160 159
128 129 160 159
159 160 191 190
159 160 191 190
159 160 191 190
159 160 191 190
190 191 222 221
190 191 222 221
190 191 222 221
190 191 222 221
221 222 253 252
221 222 253 252
221 222 253 252
221 222 253 252
252 253 284 283
252 253 284 283
252 253 284 283
252 253 284 283
283 284 315 314
283 284 315 314
283 284 315 314
283 284 315 314
314 315 346 345
314 315 346 345
314 315 346 345
314 315 346 345
345 346 377 376
345 346 377 376
345 346 377 376
345 346 377 376
376 377 408 407
376 377 408 407
376 377 408 407
376 377 408 407
407 408 439 438
407 408 439 438
407 408 439 438
407 408 439 438
438 439 470 469
438 439 470 469
438 439 470 469
438 439 470 469
469 470 501 500
469 470 501 500
469 470 501 500
469 470 501 500
500 501 532 531
500 501 532 531
500 501 532 531
500 501 532 531
531 532 563 562
531 532 563 562
531 532 563 562
531 532 563 562
562 563 594 593
562 563 594 593
562 563 594 593
562 563 594 593
593 594 625 624
593 594 625 624
593 594 625 624
593 594 625 624
5 6 37 36
5 6 37 36
5 6 37 36
5 6 37 36
36 37 68 67
36 37 68 67
36 37 68 67
36 37 68 67
67 68 99 98
67 68 99 98
67 68 99 98
67 68 99 98
98 99 130 129
98 99 130 129
98 99 130 129
98 99 130 129
129 130 161 160
129 130 161 160
129 130 161 160
129 130 161 160
160 161 192 191
160 161 192 191
160 161 192 191
160 161 192 191
191 192 223 222
191 192 223 222
191 192 223 222
191 192 223 222
222 223 254 253
222 223 254 253
222 223 254 253
222 223 254 253
253 254 285 284
253 254 285 284
253 254 285 284
253 254 285 284
284 285 316 315
284 285 316 315
284 285 316 315
284 285 316 315
315 316 347 346
315 316 347 346
315 316 347 346
315 316 347 346
346 347 378 377
346 347 378 377
346 347 378 377
346 347 378 377
377 378 409 408
377 378 409 408
377 378 409 408
377 378 409 408
408 409 440 439
408 409 440 439
408 409 440 439
408 409 440 439
439 440 471 470
439 440 471 470
439 440 471 470
439 440 471 470
470 471 502 501
470 471 502 501
470 471 502 501
470 471 502 501
501 502 533 532
501 502 533 532
501 502 533 532
501 502 533 532
532 533 564 563
532 533 564 563
532 533 564 563
532 533 564 563
563 564 595 594
563 564 595 594
563 564 595 594
563 564 595 594
594 595 626 625
594 595 626 625
594 595 626 625
594 595 626 625
6 7 38 37
6 7 38 37
6 7 38 37
6 7 38 37
37 38 69 68
37 38 69 68
37 38 69 68
37 38 69 68
68 69 100 99
68 69 100 99
68 69 100 99
68 69 100 99
99 100 131 130
99 100 131 130
99 100 131 130
99 100 131 130
130 131 162 161
130 131 162 161
130 131 162 161
130 131 162 161
161 162 193 192
161 162 193 192
161 162 193 192
161 162 193 192
192 193 224 223
192 193 224 223
192 193 224 223
192 193 224 223
223 224 255 254
223 224 255 254
223 224 255 254
223 224 255 254
254 255 286 285
254 255 286 285
254 255 286 285
254 255 286 285
285 286 317 316
285 286 317 316
285 286 317 316
285 286 317 316
316 317 348 347
316 317 348 347
316 317 348 347
316 317 348 347
347 348 379 378
347 348 379 378
347 348 379 378
347 348 379 378
378 379 410 409
378 379 410 409
378 379 410 409
378 379 410 409
409 410 441 440
409 410 441 440
409 410 441 440
409 410 441 440
440 441 472 471
440 441 472 471
440 441 472 471
440 441 472 471
471 472 503 502
471 472 503 502
471 472 503 502
471 472 503 502
502 503 534 533
502 503 534 533
502 503 534 533
502 503 534 533
533 534 565 564
533 534 565 564
533 534 565 564
533 534 565 564
564 565 596 595
564 565 596 595
564 565 596 595
564 565 596 595
595 596 627 626
595 596 627 626
595 596 627 626
595 596 627 626
7 8 39 38
7 8 39 38
7 8 39 38
7 8 39 38
38 39 70 69
38 39 70 69
38 39 70 69
38 39 70 69
69 70 101 100
69 70 101 100
69 70 101 100
69 70 101 100
100 101 132 131
100 101 132 131
100 101 132 131
100 101 132 131
131 132 163 162
131 132 163 162
131 132 163 162
131 132 163 162
162 163 194 193
162 163 194 193
162 163 194 193
162 163 194 193
193 194 225 224
193 194 225 224
193 194 225 224
193 194 225 224
224 225 256 255
224 225 256 255
224 225 256 255
224 225 256 255
255 256 287 286
255 256 287 286
255 256 287 286
255 256 287 286
286 287 318 317
286 287 318 317
286 287 318 317
286 287 318 317
317 318 349 348
317 318 349 348
317 318 349 348
317 318 349 348
348 349 380 379
348 349 380 379
348 349 380 379
348 349 380 379
379 380 411 410
379 380 411 410
379 380 411 410
379 380 411 410
410 411 442 441
410 411 442 441
410 411 442 441
410 411 442 441
441 442 473 472
441 442 473 472
441 442 473 472
441 442 473 472
472 473 504 503
472 473 504 503
472 473 504 503
472 473 504 503
503 504 535 534
503 504 535 534
503 504 535 534
503 504 535 534
534 535 566 565
534 535 566 565
534 535 566 565
534 535 566 565
565 566 597 596
565 566 597 596
565 566 597 596
565 566 597 596
596 597 628 627
596 597 628 627
596 597 628 627
596 597 628 627
8 9 40 39
8 9 40 39
8 9 40 39
8 9 40 39
39 40 71 70
39 40 71 70
39 40 71 70
39 40 71 70
70 71 102 101
70 71 102 101
70 71 102 101
70 71 102 101
101 102 133 132
101 102 133 132
101 102 133 132
101 102 133 132
132 133 164 163
132 133 164 163
132 133 164 163
132 133 164 163
163 164 195 194
163 164 195 194
163 164 195 194
163 164 195 194
194 195 226 225
194 195 226 225
194 195 226 225
194 195 226 225
225 226 257 256
225 226 257 256
225 226 257 256
225 226 257 256
256 257 288 287
256 257 288 287
256 257 288 287
256 257 288 287
287 288 319 318
287 288 319 318
287 288 319 318
287 288 319 318
318 319 350 349
318 319 350 349
318 319 350 349
318 319 350 349
349 350 381 380
349 350 381 380
349 350 381 380
349 350 381 380
380 381 412 411
380 381 412 411
380 381 412 411
380 381 412 411
411 412 443 442
411 412 443 442
411 412 443 442
411 412 443 442
442 443 474 473
442 443 474 473
442 443 474 473
442 443 474 473
473 474 505 504
473 474 505 504
473 474 505 504
473 474 505 504
504 505 536 535
504 505 536 535
504 505 536 535
504 505 536 535
535 536 567 566
535 536 567 566
535 536 567 566
535 536 567 566
566 567 598 597
566 567 598 597
566 567 598 597
566 567 598 597
597 598 629 628
597 598 629 628
597 598 629 628
597 598 629 628
9 10 41 40
9 10 41 40
9 10 41 40
9 10 41 40
40 41 72 71
40 41 72 71
40 41 72 71
40 41 72 71
71 72 103 102
71 72 103 102
71 72 103 102
71 72 103 102
102 103 134 133
102 103 134 133
102 103 134 133
102 103 134 133
133 134 165 164
133 134 165 164
133 134 165 164
133 134 165 164
164 165 196 195
164 165 196 195
164 165 196 195
164 165 196 195
195 196 227 226
195 196 227 226
195 196 227 226
195 196 227 226
226 227 258 257
226 227 258 257
226 227 258 257
226 227 258 257
257 258 289 288
257 258 289 288
257 258 289 288
257 258 289 288
288 289 320 319
288 289 320 319
288 289 320 319
288 289 320 319
319 320 351 350
319 320 351 350
319 320 351 350
319 320 351 350
350 351 382 381
350 351 382 381
350 351 382 381
350 351 382 381
381 382 413 412
381 382 413 412
381 382 413 412
381 382 413 412
412 413 444 443
412 413 444 443
412 413 444 443
412 413 444 443
443 444 475 474
443 444 475 474
443 444 475 474
443 444 475 474
474 475 506 505
474 475 506 505
474 475 506 505
474 475 506 505
505 506 537 536
505 506 537 536
505 506 537 536
505 506 537 536
536 537 568 567
536 537 568 567
536 537 568 567
536 537 568 567
567 568 599 598
567 568 599 598
567 568 599 598
567 568 599 598
598 599 630 629
598 599 630 629
598 599 630 629
598 599 630 629
10 11 42 41
10 11 42 41
10 11 42 41
10 11 42 41
41 42 73 72
41 42 73 72
41 42 73 72
41 42 73 72
72 73 104 103
72 73 104 103
72 73 104 103
72 73 104 103
103 104 135 134
103 104 135 134
103 104 135 134
103 104 135 134
134 135 166 165
134 135 166 165
134 135 166 165
134 135 166 165
165 166 197 196
165 166 197 196
165 166 197 196
165 166 197 196
196 197 228 227
196 197 228 227
196 197 228 227
196 197 228 227
227 228 259 258
227 228 259 258
227 228 259 258
227 228 259 258
258 259 290 289
258 259 290 289
258 259 290 289
258 259 290 289
289 290 321 320
289 290 321 320
289 290 321 320
289 290 321 320
320 321 352 351
320 321 352 351
320 321 352 351
320 321 352 351
351 352 383 382
351 352 383 382
351 352 383 382
351 352 383 382
382 383 414 413
382 383 414 413
382 383 414 413
382 383 414 413
413 414 445 444
413 414 445 444
413 414 445 444
413 414 445 444
444 445 476 475
444 445 476 475
444 445 476 475
444 445 476 475
475 476 507 506
475 476 507 506
475 476 507 506
475 476 507 506
506 507 538 537
506 507 538 537
506 507 538 537
506 507 538 537
537 538 569 568
537 538 569 568
537 538 569 568
537 538 569 568
568 569 600 599
568 569 600 599
568 569 600 599
568 569 600 599
599 600 631 630
599 600 631 630
599 600 631 630
599 600 631 630
11 12 43 42
11 12 43 42
11 12 43 42
11 12 43 42
42 43 74 73
42 43 74 73
42 43 74 73
42 43 74 73
73 74 105 104
73 74 105 104
73 74 105 104
73 74 105 104
104 105 136 135
104 105 136 135
104 105 136 135
104 105 136 135
135 136 167 166
135 136 167 166
135 136 167 166
135 136 167 166
166 167 198 197
166 167 198 197
166 167 198 197
166 167 198 197
197 198 229 228
197 198 229 228
197 198 229 228
197 198 229 228
228 229 260 259
228 229 260 259
228 229 260 259
228 229 260 259
259 260 291 290
259 260 291 290
259 260 291 290
259 260 291 290
290 291 322 321
290 291 322 321
290 291 322 321
290 291 322 321
321 322 353 352
321 322 353 352
321 322 353 352
321 322 353 352
352 353 384 383
352 353 384 383
352 353 384 383
352 353 384 383
383 384 415 414
383 384 415 414
383 384 415 414
383 384 415 414
414 415 446 445
414 415 446 445
414 415 446 445
414 415 446 445
445 446 477 476
445 446 477 476
445 446 477 476
445 446 477 476
476 477 508 507
476 477 508 507
476 477 508 507
476 477 508 507
507 508 539 538
507 508 539 538
507 508 539 538
507 508 539 538
538 539 570 569
538 539 570 569
538 539 570 569
538 539 570 569
569 570 601 600
569 570 601 600
569 570 601 600
569 570 601 600
600 601 632 631
600 601 632 631
600 601 632 631
600 601 632 631
12 13 44 43
12 13 44 43
12 13 44 43
12 13 44 43
43 44 75 74
43 44 75 74
43 44 75 74
43 44 75 74
74 75 106 105
74 75 106 105
74 75 106 105
74 75 106 105
105 106 137 136
105 106 137 136
105 106 137 136
105 106 137 136
136 137 168 167
136 137 168 167
136 137 168 167
136 137 168 167
167 168 199 198
167 168 199 198
167 168 199 198
167 168 199 198
198 199 230 229
198 199 230 229
198 199 230 229
198 199 230 229
229 230 261 260
229 230 261 260
229 230 261 260
229 230 261 260
260 261 292 291
260 261 292 291
260 261 292 291
260 261 292 291
291 292 323 322
291 292 323 322
291 292 323 322
291 292 323 322
322 323 354 353
322 323 354 353
322 323 354 353
322 323 354 353
353 354 385 384
353 354 385 384
353 354 385 384
353 354 385 384
384 385 416 415
384 385 416 415
384 385 416 415
384 385 416 415
415 416 447 446
415 416 447 446
415 416 447 446
415 416 447 446
446 447 478 477
446 447 478 477
446 447 478 477
446 447 478 477
477 478 509 508
477 478 509 508
477 478 509 508
477 478 509 508
508 509 540 539
508 509 540 539
508 509 540 539
508 509 540 539
539 540 571 570
539 540 571 570
539 540 571 570
539 540 571 570
570 571 602 601
570 571 602 601
570 571 602 601
570 571 602 601
601 602 633 632
601 602 633 632
601 602 633 632
601 602 633 632
13 14 45 44
13 14 45 44
13 14 45 44
13 14 45 44
44 45 76 75
44 45 76 75
44 45 76 75
44 45 76 75
75 76 107 106
75 76 107 106
75 76 107 106
75 76 107 106
106 107 138 137
106 107 138 137
106 107 138 137
106 107 138 137
137 138 169 168
137 138 169 168
137 138 169 168
137 138 169 168
168 169 200 199
168 169 200 199
168 169 200 199
168 169 200 199
199 200 231 230
199 200 231 230
199 200 231 230
199 200 231 230
230 231 262 261
230 231 262 261
230 231 262 261
230 231 262 261
261 262 293 292
261 262 293 292
261 262 293 292
261 262 293 292
292 293 324 323
292 293 324 323
292 293 324 323
292 293 324 323
323 324 355 354
323 324 355 354
323 324 355 354
323 324 355 354
354 355 386 385
354 355 386 385
354 355 386 385
354 355 386 385
385 386 417 416
385 386 417 416
385 386 417 416
385 386 417 416
416 417 448 447
416 417 448 447
416 417 448 447
416 417 448 447
447 448 479 478
447 448 479 478
447 448 479 478
447 448 479 478
478 479 510 509
478 479 510 509
478 479 510 509
478 479 510 509
509 510 541 540
509 510 541 540
509 510 541 540
509 510 541 540
540 541 572 571
540 541 572 571
540 541 572 571
540 541 572 571
571 572 603 602
571 572 603 602
571 572 603 602
571 572 603 602
602 603 634 633
602 603 634 633
602 603 634 633
602 603 634 633
14 15 46 45
14 15 46 45
14 15 46 45
14 15 46 45
45 46 77 76
45 46 77 76
45 46 77 76
45 46 77 76
76 77 108 107
76 77 108 107
76 77 108 107
76 77 108 107
107 108 139 138
107 108 139 138
107 108 139 138
107 108 139 138
138 139 170 169
138 139 170 169
138 139 170 169
138 139 170 169
169 170 201 200
169 170 201 200
169 170 201 200
169 170 201 200
200 201 232 231
200 201 232 231
200 201 232 231
200 201 232 231
231 232 263 262
231 232 263 262
231 232 263 262
231 232 263 262
262 263 294 293
262 263 294 293
262 263 294 293
262 263 294 293
293 294 325 324
293 294 325 324
293 294 325 324
293 294 325 324
324 325 356 355
324 325 356 355
324 325 356 355
324 325 356 355
355 356 387 386
355 356 387 386
355 356 387 386
355 356 387 386
386 387 418 417
386 387 418 417
386 387 418 417
386 387 418 417
417 418 449 448
417 418 449 448
417 418 449 448
417 418 449 448
448 449 480 479
448 449 480 479
448 449 480 479
448 449 480 479
479 480 511 510
479 480 511 510
479 480 511 510
479 480 511 510
510 511 542 541
510 511 542 541
510 511 542 541
510 511 542 541
541 542 573 572
541 542 573 572
541 542 573 572
541 542 573 572
572 573 604 603
572 573 604 603
572 573 604 603
572 573 604 603
603 604 635 634
603 604 635 634
603 604 635 634
603 604 635 634
15 16 47 46
15 16 47 46
15 16 47 46
15 16 47 46
46 47 78 77
46 47 78 77
46 47 78 77
46 47 78 77
77 78 109 108
77 78 109 108
77 78 109 108
77 78 109 108
108 109 140 139
108 109 140 139
108 109 140 139
108 109 140 139
139 140 171 170
139 140 171 170
139 140 171 170
139 140 171 170
170 171 202 201
170 171 202 201
170 171 202 201
170 171 202 201
201 202 233 232
201 202 233 232
201 202 233 232
201 202 233 232
232 233 264 263
232 233 264 263
232 233 264 263
232 233 264 263
263 264 295 294
263 264 295 294
263 264 295 294
263 264 295 294
294 295 326 325
294 295 326 325
294 295 326 325
294 295 326 325
325 326 357 356
325 326 357 356
325 326 357 356
325 326 357 356
356 357 388 387
356 357 388 387
356 357 388 387
356 357 388 387
387 388 419 418
387 388 419 418
387 388 419 418
387 388 419 418
418 419 450 449
418 419 450 449
418 419 450 449
418 419 450 449
449 450 481 480
449 450 481 480
449 450 481 480
449 450 481 480
480 481 512 511
480 481 512 511
480 481 512 511
480 481 512 511
511 512 543 542
511 512 543 542
511 512 543 542
511 512 543 542
542 543 574 573
542 543 574 573
542 543 574 573
542 543 574 573
573 574 605 604
573 574 605 604
573 574 605 604
573 574 605 604
604 605 636 635
604 605 636 635
604 605 636 635
604 605 636 635
16 17 48 47
16 17 48 47
16 17 48 47
16 17 48 47
47 48 79 78
47 48 79 78
47 48 79 78
47 48 79 78
78 79 110 109
78 79 110 109
78 79 110 109
78 79 110 109
109 110 141 140
109 110 141 140
109 110 141 140
109 110 141 140
140 141 172 171
140 141 172 171
140 141 172 171
140 141 172 171
171 172 203 202
171 172 203 202
171 172 203 202
171 172 203 202
202 203 234 233
202 203 234 233
202 203 234 233
202 203 234 233
233 234 265 264
233 234 265 264
233 234 265 264
233 234 265 264
264 265 296 295
264 265 296 295
264 265 296 295
264 265 296 295
295 296 327 326
295 296 327 326
295 296 327 326
295 296 327 326
326 327 358 357
326 327 358 357
326 327 358 357
326 327 358 357
357 358 389 388
357 358 389 388
357 358 389 388
357 358 389 388
388 389 420 419
388 389 420 419
388 389 420 419
388 389 420 419
419 420 451 450
419 420 451 450
419 420 451 450
419 420 451 450
450 451 482 481
450 451 482 481
450 451 482 481
450 451 482 481
481 482 513 512
481 482 513 512
481 482 513 512
481 482 513 512
512 513 544 543
512 513 544 543
512 513 544 543
512 513 544 543
543 544 575 574
543 544 575 574
543 544 575 574
543 544 575 574
574 575 606 605
574 575 606 605
574 575 606 605
574 575 606 605
605 606 637 636
605 606 637 636
605 606 637 636
605 606 637 636
17 18 49 48
17 18 49 48
17 18 49 48
17 18 49 48
48 49 80 79
48 49 80 79
48 49 80 79
48 49 80 79
79 80 111 110
79 80 111 110
79 80 111 110
79 80 111 110
110 111 142 141
110 111 142 141
110 111 142 141
110 111 142 141
141 142 173 172
141 142 173 172
141 142 173 172
141 142 173 172
172 173 204 203
172 173 204 203
172 173 204 203
172 173 204 203
203 204 235 234
203 204 235 234
203 204 235 234
203 204 235 234
234 235 266 265
234 235 266 265
234 235 266 265
234 235 266 265
265 266 297 296
265 266 297 296
265 266 297 296
265 266 297 296
296 297 328 327
296 297 328 327
296 297 328 327
296 297 328 327
327 328 359 358
327 328 359 358
327 328 359 358
327 328 359 358
358 359 390 389
358 359 390 389
358 359 390 389
358 359 390 389
389 390 421 420
389 390 421 420
389 390 421 420
389 390 421 420
420 421 452 451
420 421 452 451
420 421 452 451
420 421 452 451
451 452 483 482
451 452 483 482
451 452 483 482
451 452 483 482
482 483 514 513
482 483 514 513
482 483 514 513
482 483 514 513
513 514 545 544
513 514 545 544
513 514 545 544
513 514 545 544
544 545 576 575
544 545 576 575
544 545 576 575
544 545 576 575
575 576 607 606
575 576 607 606
575 576 607 606
575 576 607 606
606 607 638 637
606 607 638 637
606 607 638 637
606 607 638 637
18 19 50 49
18 19 50 49
18 19 50 49
18 19 50 49
49 50 81 80
49 50 81 80
49 50 81 80
49 50 81 80
80 81 112 111
80 81 112 111
80 81 112 111
80 81 112 111
111 112 143 142
111 112 143 142
111 112 143 142
111 112 143 142
142 143 174 173
142 143 174 173
142 143 174 173
142 143 174 173
173 174 205 204
173 174 205 204
173 174 205 204
173 174 205 204
204 205 236 235
204 205 236 235
204 205 236 235
204 205 236 235
235 236 267 266
235 236 267 266
235 236 267 266
235 236 267 266
266 267 298 297
266 267 298 297
266 267 298 297
266 267 298 297
297 298 329 328
297 298 329 328
297 298 329 328
297 298 329 328
328 329 360 359
328 329 360 359
328 329 360 359
328 329 360 359
359 360 391 390
359 360 391 390
359 360 391 390
359 360 391 390
390 391 422 421
390 391 422 421
390 391 422 421
390 391 422 421
421 422 453 452
421 422 453 452
421 422 453 452
421 422 453 452
452 453 484 483
452 453 484 483
452 453 484 483
452 453 484 483
483 484 515 514
483 484 515 514
483 484 515 514
483 484 515 514
514 515 546 545
514 515 546 545
514 515 546 545
514 515 546 545
545 546 577 576
545 546 577 576
545 546 577 576
545 546 577 576
576 577 608 607
576 577 608 607
576 577 608 607
576 577 608 607
607 608 639 638
607 608 639 638
607 608 639 638
607 608 639 638
19 20 51 50
19 20 51 50
19 20 51 50
19 20 51 50
50 51 82 81
50 51 82 81
50 51 82 81
50 51 82 81
81 82 113 112
81 82 113 112
81 82 113 112
81 82 113 112
112 113 144 143
112 113 144 143
112 113 144 143
112 113 144 143
143 144 175 174
143 144 175 174
143 144 175 174
143 144 175 174
174 175 206 205
174 175 206 205
174 175 206 205
174 175 206 205
205 206 237 236
205 206 237 236
205 206 237 236
205 206 237 236
236 237 268 267
236 237 268 267
236 237 268 267
236 237 268 267
267 268 299 298
267 268 299 298
267 268 299 298
267 268 299 298
298 299 330 329
298 299 330 329
298 299 330 329
298 299 330 329
329 330 361 360
329 330 361 360
329 330 361 360
329 330 361 360
360 361 392 391
360 361 392 391
360 361 392 391
360 361 392 391
391 392 423 422
391 392 423 422
391 392 423 422
391 392 423 422
422 423 454 453
422 423 454 453
422 423 454 453
422 423 454 453
453 454 485 484
453 454 485 484
453 454 485 484
453 454 485 484
484 485 516 515
484 485 516 515
484 485 516 515
484 485 516 515
515 516 547 546
515 516 547 546
515 516 547 546
515 516 547 546
546 547 578 577
546 547 578 577
546 547 578 577
546 547 578 577
577 578 609 608
577 578 609 608
577 578 609 608
577 578 609 608
608 609 640 639
608 609 640 639
608 609 640 639
608 609 640 639
20 21 52 51
20 21 52 51
20 21 52 51
20 21 52 51
51 52 83 82
51 52 83 82
51 52 83 82
51 52 83 82
82 83 114 113
82 83 114 113
82 83 114 113
82 83 114 113
113 114 145 144
113 114 145 144
113 114 145 144
113 114 145 144
144 145 176 175
144 145 176 175
144 145 176 175
144 145 176 175
175 176 207 206
175 176 207 206
175 176 207 206
175 176 207 206
206 207 238 237
206 207 238 237
206 207 238 237
206 207 238 237
237 238 269 268
237 238 269 268
237 238 269 268
237 238 269 268
268 269 300 299
268 269 300 299
268 269 300 299
268 269 300 299
299 300 331 330
299 300 331 330
299 300 331 330
299 300 331 330
330 331 362 361
330 331 362 361
330 331 362 361
330 331 362 361
361 362 393 392
361 362 393 392
361 362 393 392
361 362 393 392
392 393 424 423
392 393 424 423
392 393 424 423
392 393 424 423
423 424 455 454
423 424 455 454
423 424 455 454
423 424 455 454
454 455 486 485
454 455 486 485
454 455 486 485
454 455 486 485
485 486 517 516
485 486 517 516
485 486 517 516
485 486 517 516
516 517 548 547
516 517 548 547
516 517 548 547
516 517 548 547
547 548 579 578
547 548 579 578
547 548 579 578
547 548 579 578
578 579 610 609
578 579 610 609
578 579 610 609
578 579 610 609
609 610 641 640
609 610 641 640
609 610 641 640
609 610 641 640
21 22 53 52
21 22 53 52
21 22 53 52
21 22 53 52
52 53 84 83
52 53 84 83
52 53 84 83
52 53 84 83
83 84 115 114
83 84 115 114
83 84 115 114
83 84 115 114
114 115 146 145
114 115 146 145
114 115 146 145
114 115 146 145
145 146 177 176
145 146 177 176
145 146 177 176
145 146 177 176
176 177 208 207
176 177 208 207
176 177 208 207
176 177 208 207
207 208 239 238
207 208 239 238
207 208 239 238
207 208 239 238
238 239 270 269
238 239 270 269
238 239 270 269
238 239 270 269
269 270 301 300
269 270 301 300
269 270 301 300
269 270 301 300
300 301 332 331
300 301 332 331
300 301 332 331
300 301 332 331
331 332 363 362
331 332 363 362
331 332 363 362
331 332 363 362
362 363 394 393
362 363 394 393
362 363 394 393
362 363 394 393
393 394 425 424
393 394 425 424
393 394 425 424
393 394 425 424
424 425 456 455
424 425 456 455
424 425 456 455
424 425 456 455
455 456 487 486
455 456 487 486
455 456 487 486
455 456 487 486
486 487 518 517
486 487 518 517
486 487 518 517
486 487 518 517
517 518 549 548
517 518 549 548
517 518 549 548
517 518 549 548
548 549 580 579
548 549 580 579
548 549 580 579
548 549 580 579
579 580 611 610
579 580 611 610
579 580 611 610
579 580 611 610
610 611 642 641
610 611 642 641
610 611 642 641
610 611 642 641
22 23 54 53
22 23 54 53
22 23 54 53
22 23 54 53
53 54 85 84
53 54 85 84
53 54 85 84
53 54 85 84
84 85 116 115
84 85 116 115
84 85 116 115
84 85 116 115
115 116 147 146
115 116 147 146
115 116 147 146
115 116 147 146
146 147 178 177
146 147 178 177
146 147 178 177
146 147 178 177
177 178 209 208
177 178 209 208
177 178 209 208
177 178 209 208
208 209 240 239
208 209 240 239
208 209 240 239
208 209 240 239
239 240 271 270
239 240 271 270
239 240 271 270
239 240 271 270
270 271 302 301
270 271 302 301
270 271 302 301
270 271 302 301
301 302 333 332
301 302 333 332
301 302 333 332
301 302 333 332
332 333 364 363
332 333 364 363
332 333 364 363
332 333 364 363
363 364 395 394
363 364 395 394
363 364 395 394
363 364 395 394
394 395 426 425
394 395 426 425
394 395 426 425
394 395 426 425
425 426 457 456
425 426 457 456
425 426 457 456
425 426 457 456
456 457 488 487
456 457 488 487
456 457 488 487
456 457 488 487
487 488 519 518
487 488 519 518
487 488 519 518
487 488 519 518
518 519 550 549
518 519 550 549
518 519 550 549
518 519 550 549
549 550 581 580
549 550 581 580
549 550 581 580
549 550 581 580
580 581 612 611
580 581 612 611
580 581 612 611
580 581 612 611
611 612 643 642
611 612 643 642
611 612 643 642
611 612 643 642
23 24 55 54
23 24 55 54
23 24 55 54
23 24 55 54
54 55 86 85
54 55 86 85
54 55 86 85
54 55 86 85
85 86 117 116
85 86 117 116
85 86 117 116
85 86 117 116
116 117 148 147
116 117 148 147
116 117 148 147
116 117 148 147
147 148 179 178
147 148 179 178
147 148 179 178
147 148 179 178
178 179 210 209
178 179 210 209
178 179 210 209
178 179 210 209
209 210 241 240
209 210 241 240
209 210 241 240
209 210 241 240
240 241 272 271
240 241 272 271
240 241 272 271
240 241 272 271
271 272 303 302
271 272 303 302
271 272 303 302
271 272 303 302
302 303 334 333
302 303 334 333
302 303 334 333
302 303 334 333
333 334 365 364
333 334 365 364
333 334 365 364
333 334 365 364
364 365 396 395
364 365 396 395
364 365 396 395
364 365 396 395
395 396 427 426
395 396 427 426
395 396 427 426
395 396 427 426
426 427 458 457
426 427 458 457
426 427 458 457
426 427 458 457
457 458 489 488
457 458 489 488
457 458 489 488
457 458 489 488
488 489 520 519
488 489 520 519
488 489 520 519
488 489 520 519
519 520 551 550
519 520 551 550
519 520 551 550
519 520 551 550
550 551 582 581
550 551 582 581
550 551 582 581
550 551 582 581
581 582 613 612
581 582 613 612
581 582 613 612
581 582 613 612
612 613 644 643
612 613 644 643
612 613 644 643
612 613 644 643
24 25 56 55
24 25 56 55
24 25 56 55
24 25 56 55
55 56 87 86
55 56 87 86
55 56 87 86
55 56 87 86
86 87 118 117
86 87 118 117
86 87 118 117
86 87 118 117
117 118 149 148
117 118 149 148
117 118 149 148
117 118 149 148
148 149 180 179
148 149 180 179
148 149 180 179
148 149 180 179
179 180 211 210
179 180 211 210
179 180 211 210
179 180 211 210
210 211 242 241
210 211 242 241
210 211 242 241
210 211 242 241
241 242 273 272
241 242 273 272
241 242 273 272
241 242 273 272
272 273 304 303
272 273 304 303
272 273 304 303
272 273 304 303
303 304 335 334
303 304 335 334
303 304 335 334
303 304 335 334
334 335 366 365
334 335 366 365
334 335 366 365
334 335 366 365
365 366 397 396
365 366 397 396
365 366 397 396
365 366 397 396
396 397 428 427
396 397 428 427
396 397 428 427
396 397 428 427
427 428 459 458
427 428 459 458
427 428 459 458
427 428 459 458
458 459 490 489
458 459 490 489
458 459 490 489
458 459 490 489
489 490 521 520
489 490 521 520
489 490 521 520
489 490 521 520
520 521 552 551
520 521 552 551
520 521 552 551
520 521 552 551
551 552 583 582
551 552 583 582
551 552 583 582
551 552 583 582
582 583 614 613
582 583 614 613
582 583 614 613
582 583 614 613
613 614 645 644
613 614 645 644
613 614 645 644
613 614 645 644
25 26 57 56
25 26 57 56
25 26 57 56
25 26 57 56
56 57 88 87
56 57 88 87
56 57 88 87
56 57 88 87
87 88 119 118
87 88 119 118
87 88 119 118
87 88 119 118
118 119 150 149
118 119 150 149
118 119 150 149
118 119 150 149
149 150 181 180
149 150 181 180
149 150 181 180
149 150 181 180
180 181 212 211
180 181 212 211
180 181 212 211
180 181 212 211
211 212 243 242
211 212 243 242
211 212 243 242
211 212 243 242
242 243 274 273
242 243 274 273
242 243 274 273
242 243 274 273
273 274 305 304
273 274 305 304
273 274 305 304
273 274 305 304
304 305 336 335
304 305 336 335
304 305 336 335
304 305 336 335
335 336 367 366
335 336 367 366
335 336 367 366
335 336 367 366
366 367 398 397
366 367 398 397
366 367 398 397
366 367 398 397
397 398 429 428
397 398 429 428
397 398 429 428
397 398 429 428
428 429 460 459
428 429 460 459
428 429 460 459
428 429 460 459
459 460 491 490
459 460 491 490
459 460 491 490
459 460 491 490
490 491 522 521
490 491 522 521
490 491 522 521
490 491 522 521
521 522 553 552
521 522 553 552
521 522 553 552
521 522 553 552
552 553 584 583
552 553 584 583
552 553 584 583
552 553 584 583
583 584 615 614
583 584 615 614
583 584 615 614
583 584 615 614
614 615 646 645
614 615 646 645
614 615 646 645
614 615 646 645
26 27 58 57
26 27 58 57
26 27 58 57
26 27 58 57
57 58 89 88
57 58 89 88
57 58 89 88
57 58 89 88
88 89 120 119
88 89 120 119
88 89 120 119
88 89 120 119
119 120 151 150
119 120 151 150
119 120 151 150
119 120 151 150
150 151 182 181
150 151 182 181
150 151 182 181
150 151 182 181
181 182 213 212
181 182 213 212
181 182 213 212
181 182 213 212
212 213 244 243
212 213 244 243
212 213 244 243
212 213 244 243
243 244 275 274
243 244 275 274
243 244 275 274
243 244 275 274
274 275 306 305
274 275 306 305
274 275 306 305
274 275 306 305
305 306 337 336
305 306 337 336
305 306 337 336
305 306 337 336
336 337 368 367
336 337 368 367
336 337 368 367
336 337 368 367
367 368 399 398
367 368 399 398
367 368 399 398
367 368 399 398
398 399 430 429
398 399 430 429
398 399 430 429
398 399 430 429
429 430 461 460
429 430 461 460
429 430 461 460
429 430 461 460
460 461 492 491
460 461 492 491
460 461 492 491
460 461 492 491
491 492 523 522
491 492 523 522
491 492 523 522
491 492 523 522
522 523 554 553
522 523 554 553
522 523 554 553
522 523 554 553
553 554 585 584
553 554 585 584
553 554 585 584
553 554 585 584
584 585 616 615
584 585 616 615
584 585 616 615
584 585 616 615
615 616 647 646
615 616 647 646
615 616 647 646
615 616 647 646
27 28 59 58
27 28 59 58
27 28 59 58
27 28 59 58
58 59 90 89
58 59 90 89
58 59 90 89
58 59 90 89
89 90 121 120
89 90 121 120
89 90 121 120
89 90 121 120
120 121 152 151
120 121 152 151
120 121 152 151
120 121 152 151
151 152 183 182
151 152 183 182
151 152 183 182
151 152 183 182
182 183 214 213
182 183 214 213
182 183 214 213
182 183 214 213
213 214 245 244
213 214 245 244
213 214 245 244
213 214 245 244
244 245 276 275
244 245 276 275
244 245 276 275
244 245 276 275
275 276 307 306
275 276 307 306
275 276 307 306
275 276 307 306
306 307 338 337
306 307 338 337
306 307 338 337
306 307 338 337
337 338 369 368
337 338 369 368
337 338 369 368
337 338 369 368
368 369 400 399
368 369 400 399
368 369 400 399
368 369 400 399
399 400 431 430
399 400 431 430
399 400 431 430
399 400 431 430
430 431 462 461
430 431 462 461
430 431 462 461
430 431 462 461
461 462 493 492
461 462 493 492
461 462 493 492
461 462 493 492
492 493 524 523
492 493 524 523
492 493 524 523
492 493 524 523
523 524 555 554
523 524 555 554
523 524 555 554
523 524 555 554
554 555 586 585
554 555 586 585
554 555 586 585
554 555 586 585
585 586 617 616
585 586 617 616
585 586 617 616
585 586 617 616
616 617 648 647
616 617 648 647
616 617 648 647
616 617 648 647
28 29 60 59
28 29 60 59
28 29 60 59
28 29 60 59
59 60 91 90
59 60 91 90
59 60 91 90
59 60 91 90
90 91 122 121
90 91 122 121
90 91 122 121
90 91 122 121
121 122 153 152
121 122 153 152
121 122 153 152
121 122 153 152
152 153 184 183
152 153 184 183
152 153 184 183
152 153 184 183
183 184 215 214
183 184 215 214
183 184 215 214
183 184 215 214
214 215 246 245
214 215 246 245
214 215 246 245
214 215 246 245
245 246 277 276
245 246 277 276
245 246 277 276
245 246 277 276
276 277 308 307
276 277 308 307
276 277 308 307
276 277 308 307
307 308 339 338
307 308 339 338
307 308 339 338
307 308 339 338
338 339 370 369
338 339 370 369
338 339 370 369
338 339 370 369
369 370 401 400
369 370 401 400
369 370 401 400
369 370 401 400
400 401 432 431
400 401 432 431
400 401 432 431
400 401 432 431
431 432 463 462
431 432 463 462
431 432 463 462
431 432 463 462
462 463 494 493
462 463 494 493
462 463 494 493
462 463 494 493
493 494 525 524
493 494 525 524
493 494 525 524
493 494 525 524
524 525 556 555
524 525 556 555
524 525 556 555
524 525 556 555
555 556 587 586
555 556 587 586
555 556 587 586
555 556 587 586
586 587 618 617
586 587 618 617
586 587 618 617
586 587 618 617
617 618 649 648
617 618 649 648
617 618 649 648
617 618 649 648
29 30 61 60
29 30 61 60
29 30 61 60
29 30 61 60
60 61 92 91
60 61 92 91
60 61 92 91
60 61 92 91
91 92 123 122
91 92 123 122
91 92 123 122
91 92 123 122
122 123 154 153
122 123 154 153
122 123 154 153
122 123 154 153
153 154 185 184
153 154 185 184
153 154 185 184
153 154 185 184
184 185 216 215
184 185 216 215
184 185 216 215
184 185 216 215
215 216 247 246
215 216 247 246
215 216 247 246
215 216 247 246
246 247 278 277
246 247 278 277
246 247 278 277
246 247 278 277
277 278 309 308
277 278 309 308
277 278 309 308
277 278 309 308
308 309 340 339
308 309 340 339
308 309 340 339
308 309 340 339
339 340 371 370
339 340 371 370
339 340 371 370
339 340 371 370
370 371 402 401
370 371 402 401
370 371 402 401
370 371 402 401
401 402 433 432
401 402 433 432
401 402 433 432
401 402 433 432
432 433 464 463
432 433 464 463
432 433 464 463
432 433 464 463
463 464 495 494
463 464 495 494
463 464 495 494
463 464 495 494
494 495 526 525
494 495 526 525
494 495 526 525
494 495 526 525
525 526 557 556
525 526 557 556
525 526 557 556
525 526 557 556
556 557 588 587
556 557 588 587
556 557 588 587
556 557 588 587
587 588 619 618
587 588 619 618
587 588 619 618
587 588 619 618
618 619 650 649
618 619 650 649
618 619 650 649
618 619 650 649
